name	N	ws	avg	std	rel_std	minv	maxv	amp
numba_didatic_mwsd	100	1	0.001294625331259643	5.539819515373004e-06	0.42790909320327275	0.0012886709882877767	0.0013020120095461607	1.334102125838399e-05
numba_didatic_mwsd	100	3	0.0015313783320986356	3.512922744008591e-05	2.2939613747795438	0.0015041000006021932	0.0015809759934199974	7.687599281780422e-05
numba_didatic_mwsd	100	5	0.0018472666706657037	1.7440583448025225e-06	0.09441291679744387	0.0018451039941282943	0.0018493750103516504	4.271016223356128e-06
numba_didatic_mwsd	100	7	0.0022001046648559472	8.603602950845795e-05	3.9105425702140946	0.0020786389941349626	0.002266991010401398	0.00018835201626643538
numba_didatic_mwsd	100	9	0.003224720664244766	0.00018626315597914674	5.776102037128535	0.00305549000040628	0.0034841549932025373	0.00042866499279625714
numba_didatic_mwsd	100	11	0.0036547373359402022	0.00029458469720722254	8.060352089063027	0.003263830003561452	0.0039749459974700585	0.0007111159939086065
numba_didatic_mwsd	100	13	0.004521651334168079	0.0008111565485527716	17.93938737432556	0.003718345004017465	0.005632519998471253	0.0019141749944537878
numba_didatic_mwsd	100	15	0.005195945001711759	0.0008194765128324979	15.771462410832457	0.0044303179893177	0.006332200005999766	0.001901882016682066
numba_didatic_mwsd	100	17	0.005709363996478108	0.0007192775595019159	12.598208135715488	0.004986289000953548	0.0066905080020660535	0.0017042190011125058
numba_didatic_mwsd	100	19	0.00774383032694459	0.0010138559360888708	13.092434793685602	0.006598040999961086	0.009063203993719071	0.0024651629937579855
numba_didatic_mwsd	100	21	0.008084094670872824	0.0008270192093660931	10.23020193400087	0.007332770997891203	0.009236014011548832	0.0019032430136576295
numba_didatic_mwsd	100	23	0.009071494661232768	0.0009884377230981113	10.896084493355012	0.008008523989701644	0.010389162998762913	0.0023806390090612695
numba_didatic_mwsd	100	25	0.010403488335820535	0.001343238355835722	12.91142271204151	0.009281751001253724	0.012292029001400806	0.003010278000147082
numba_didatic_mwsd	100	27	0.01002372867272546	5.147779145650117e-05	0.5135593064941204	0.009974904009141028	0.01009490700380411	0.00012000299466308206
numba_didatic_mwsd	100	29	0.012281788663434176	0.00046879276310516884	3.8169746765051986	0.0116829689941369	0.012827594997361302	0.0011446260032244027
numba_didatic_mwsd	100	31	0.014994774658892615	0.0008560501161547269	5.708989535544961	0.014145372988423333	0.01616654999088496	0.002021177002461627
numba_didatic_mwsd	100	33	0.015162989332263047	0.0006664294329574071	4.395105861740679	0.014669379001134075	0.01610510300088208	0.0014357239997480065
numba_didatic_mwsd	100	35	0.016637952003899652	0.0010952159948454468	6.582637061272607	0.01519959700817708	0.01785472199844662	0.0026551249902695417
numba_didatic_mwsd	100	37	0.021185479005604673	0.0027431002039925313	12.948020685616015	0.018799527009832673	0.02502747801190708	0.0062279510020744056
numba_didatic_mwsd	100	39	0.021529791668096248	0.0013575901851850221	6.3056354938945205	0.02024042999255471	0.023406437001540326	0.0031660070089856163
numba_didatic_mwsd	100	41	0.023892431670295384	0.0015375501935545694	6.435302252914471	0.021718611009418964	0.025023712005349807	0.003305100995930843
numba_didatic_mwsd	100	43	0.024410559330135584	0.002337034320244174	9.573866328245225	0.022319725001580082	0.027672708994941786	0.005352983993361704
numba_didatic_mwsd	100	45	0.023949605000476975	0.0007161887269904952	2.990398910446464	0.023392734001390636	0.024960713999462314	0.001567979998071678
numba_didatic_mwsd	100	47	0.027247359001194127	0.0018294951977378983	6.7143945864908225	0.024663553005666472	0.028655618996708654	0.003992065991042182
numba_didatic_mwsd	100	49	0.029589878327290837	0.0009165566898771621	3.097534500612728	0.028559785001561977	0.030786316987359896	0.0022265319857979193
numba_didatic_mwsd	100	51	0.031395446999037326	0.0005984956371886767	1.90631347662299	0.030789423995884135	0.03221016899624374	0.0014207450003596023
numba_didatic_mwsd	100	53	0.03252697167044971	0.0009775360536989415	3.00530914344854	0.03114564598945435	0.03326579701388255	0.0021201510244281963
numba_didatic_mwsd	100	55	0.03688215167009427	0.00023666222301413738	0.6416714109606407	0.03654967900365591	0.03708170400932431	0.0005320250056684017
numba_didatic_mwsd	100	57	0.03754483733791858	0.0020107512473231948	5.355599837137735	0.036047904010047205	0.04038712200417649	0.004339217994129285
numba_didatic_mwsd	100	59	0.04003767133205353	0.0010213017273818922	2.550851968666455	0.03897423399030231	0.04141580100986175	0.002441567019559443
numba_didatic_mwsd	200	1	0.0050736669994269805	6.170205940353899e-05	1.2161235534477846	0.004992706002667546	0.005142337991856039	0.0001496319891884923
numba_didatic_mwsd	200	3	0.00539344366795073	0.00022614346097941525	4.192932658650345	0.005188228999031708	0.005708480995963328	0.0005202519969316199
numba_didatic_mwsd	200	5	0.007093764662082928	0.000192926114878364	2.7196576721748125	0.00684766199265141	0.0073188249953091145	0.00047116300265770406
numba_didatic_mwsd	200	7	0.006630424997031999	2.7643493746729692e-05	0.4169188816569654	0.006596881998120807	0.006664585991529748	6.770399340894073e-05
numba_didatic_mwsd	200	9	0.010388883000511365	0.0006442991982344518	6.201813979450322	0.009729174998938106	0.011263045002124272	0.0015338700031861663
numba_didatic_mwsd	200	11	0.01195479667027636	0.0002128941663875291	1.780826326530969	0.011653719004243612	0.012105597008485347	0.00045187800424173474
numba_didatic_mwsd	200	13	0.014314687335475659	0.00051974115950111	3.6308243926016543	0.013732135004829615	0.014994126991950907	0.0012619919871212915
numba_didatic_mwsd	200	15	0.018088411995753024	0.002778248235013113	15.359271093921441	0.0157552969903918	0.02199274700251408	0.006237450012122281
numba_didatic_mwsd	200	17	0.020552721330507968	0.0009194175962063735	4.473459165923745	0.019629977003205568	0.021807440993143246	0.002177463989937678
numba_didatic_mwsd	200	19	0.02288475133536849	0.00031826103431562366	1.3907122242737666	0.022527501001604833	0.023300472006667405	0.0007729710050625727
numba_didatic_mwsd	200	21	0.026999133003603976	0.00047582710304467935	1.762379195588109	0.02650505800556857	0.027641815002425574	0.0011367569968570024
numba_didatic_mwsd	200	23	0.031445689334456496	0.00046407489652676605	1.4757981343352449	0.030812720011454076	0.03191237599821761	0.001099655986763537
numba_didatic_mwsd	200	25	0.03621005832974333	0.001463079344289064	4.040532967292337	0.034835573998861946	0.03823670199199114	0.0034011279931291938
numba_didatic_mwsd	200	27	0.0391698490032771	0.0008755909672087885	2.2353697792798055	0.03805664900573902	0.04019610700197518	0.0021394579962361604
numba_didatic_mwsd	200	29	0.045298477004204564	0.00047410648351357463	1.0466278666931086	0.044747630003257655	0.045904946004156955	0.0011573160008993
numba_didatic_mwsd	200	31	0.0506071760028135	0.0025788519618241694	5.095822698505837	0.0482234210066963	0.0541894510097336	0.005966030003037304
numba_didatic_mwsd	200	33	0.05415595033264253	0.0004924054001360552	0.9092360065912416	0.05352877399127465	0.05473161100235302	0.0012028370110783726
numba_didatic_mwsd	200	35	0.06955261867066535	0.006717944715688805	9.658794800377773	0.06014402399887331	0.07539925200399011	0.015255228005116805
numba_didatic_mwsd	200	37	0.0714902943339742	0.0008837430701631334	1.236172096361273	0.07037213099829387	0.07253289000072982	0.0021607590024359524
numba_didatic_mwsd	200	39	0.07762883033137769	0.0003083339053907678	0.39718994099816907	0.07720538199646398	0.07793068399769254	0.000725302001228556
numba_didatic_mwsd	200	41	0.0895006603289706	0.004633577111242833	5.177142933037092	0.08567228500032797	0.09602057399752084	0.010348288997192867
numba_didatic_mwsd	200	43	0.08677829933488586	0.0013182063553631052	1.5190506906294847	0.0850537320075091	0.08825369199621491	0.003199959988705814
numba_didatic_mwsd	200	45	0.09926395799751238	0.007991835041285778	8.051094478306071	0.09234049200313166	0.11046218599949498	0.01812169399636332
numba_didatic_mwsd	200	47	0.10577960832839987	0.0049319113449929645	4.6624405430596	0.09968912600015756	0.11176851099298801	0.012079384992830455
numba_didatic_mwsd	200	49	0.11017150466796011	0.0021154688145779035	1.920159682808726	0.10807596700033173	0.11306842300109565	0.004992456000763923
numba_didatic_mwsd	200	51	0.1348484103315665	0.016187903642537357	12.004519447232926	0.1197365280095255	0.1572971549903741	0.03756062698084861
numba_didatic_mwsd	200	53	0.12617381033487618	0.001087971260163087	0.8622797847473396	0.1246658909949474	0.1271926409972366	0.002526750002289191
numba_didatic_mwsd	200	55	0.14269971766043454	0.008645844176053895	6.058767541942428	0.13469956698827446	0.15470754700072575	0.0200079800124513
numba_didatic_mwsd	200	57	0.1518958353359873	0.008762197734903332	5.768556929504824	0.14499230599903967	0.16425939700275194	0.019267091003712267
numba_didatic_mwsd	200	59	0.158674476663388	0.006272562176704858	3.9531009073447083	0.15092294799978845	0.1662856000039028	0.015362652004114352
numba_didatic_mwsd	300	1	0.010374769000918604	0.0004043777240565517	3.897703399668438	0.009819764003623277	0.010771682995255105	0.0009519189916318282
numba_didatic_mwsd	300	3	0.011505408668502545	0.0009037537268772574	7.855033688211294	0.010787791994516738	0.012780146003933623	0.0019923540094168857
numba_didatic_mwsd	300	5	0.013812732334675578	0.0012022483721608262	8.703914207782725	0.012116502999560907	0.014761873011593707	0.0026453700120327994
numba_didatic_mwsd	300	7	0.015965920669259503	0.0008220470181545494	5.148760507981879	0.01494442400871776	0.01695734600070864	0.002012921991990879
numba_didatic_mwsd	300	9	0.02114428800026265	0.0008693008842297292	4.111280002518557	0.019994813002995215	0.022096592001616955	0.0021017789986217394
numba_didatic_mwsd	300	11	0.029755799332633615	0.003714297634738078	12.48260076369232	0.025764555990463123	0.03470886801369488	0.00894431202323176
numba_didatic_mwsd	300	13	0.032891854003537446	0.0017784261577497966	5.4068893701113065	0.03040591100580059	0.03446537800482474	0.004059466999024153
numba_didatic_mwsd	300	15	0.03709393900256449	0.0005821074771233983	1.5692792212850577	0.03636706199904438	0.0377920580067439	0.0014249960076995194
numba_didatic_mwsd	300	17	0.05057771199790295	0.01020781432814806	20.18243594841003	0.04226439699414186	0.06495522099430673	0.022690824000164866
numba_didatic_mwsd	300	19	0.0527747919986723	0.0015320345308152317	2.9029664974402447	0.0509560899954522	0.054703916001017205	0.0037478260055650026
numba_didatic_mwsd	300	21	0.057968956331023946	0.0007474033886211436	1.2893166203531365	0.05708628198772203	0.058913863002089784	0.0018275810143677518
numba_didatic_mwsd	300	23	0.06837406999936017	0.0022407154688378578	3.277142151781846	0.06615539299673401	0.0714428249921184	0.005287431995384395
numba_didatic_mwsd	300	25	0.08051123266826228	0.004083499880483035	5.071962936288219	0.07727974599401932	0.08627192200219724	0.008992176008177921
numba_didatic_mwsd	300	27	0.08793660166459934	0.0015569236247571483	1.7705069280428192	0.08628289100306574	0.0900224039942259	0.0037395129911601543
numba_didatic_mwsd	300	29	0.10193753200292122	0.0052053460051673306	5.10640772136622	0.09800209800596349	0.10929298600240145	0.01129088799643796
numba_didatic_mwsd	300	31	0.11144158133053376	0.006876944562303606	6.170896428602094	0.1062096709938487	0.1211574580083834	0.014947787014534697
numba_didatic_mwsd	300	33	0.12390313833505691	0.0017252820827726972	1.3924442156640267	0.12215495700365864	0.12625126900093164	0.0040963119972730055
numba_didatic_mwsd	300	35	0.14196879533604564	0.005692852349694034	4.009932137705918	0.1363151929981541	0.14975951000815257	0.013444317009998485
numba_didatic_mwsd	300	37	0.1628256296632268	0.003327096632170838	2.043349464732482	0.15928830199118238	0.16728126999805681	0.007992968006874435
numba_didatic_mwsd	300	39	0.1765041450028851	0.00850179770528453	4.816769433457533	0.1700998729938874	0.18851876200642437	0.018418889012536965
numba_didatic_mwsd	300	41	0.20058142366663864	0.01338428918125503	6.672746128025987	0.19028883799910545	0.21948474399687257	0.029195905997767113
numba_didatic_mwsd	300	43	0.2175566953374073	0.02226195981048041	10.232716476941553	0.19970491400454193	0.24894094100454822	0.04923602700000629
numba_didatic_mwsd	300	45	0.2223895296677559	0.018943214991441106	8.518033659112355	0.20873921299062204	0.2491776470124023	0.04043843402178027
numba_didatic_mwsd	300	47	0.2496064696654988	0.018173128348300024	7.2807120635350895	0.22883643499517348	0.2731005730020115	0.04426413800683804
numba_didatic_mwsd	300	49	0.24688206833282797	0.0006556128030222271	0.2655570764817066	0.2460494159895461	0.24765160800598096	0.0016021920164348558
numba_didatic_mwsd	300	51	0.25819774432845105	0.0016561257690031043	0.6414175977061835	0.2559159739903407	0.25979609199566767	0.003880118005326949
numba_didatic_mwsd	300	53	0.2807250206678873	0.005554025766552179	1.9784576926339914	0.2762490120076109	0.2885527309990721	0.01230371899146121
numba_didatic_mwsd	300	55	0.31599942200409714	0.021989937409442935	6.958853680801297	0.29551040699880105	0.3465043890028028	0.05099398200400174
numba_didatic_mwsd	300	57	0.3272602120026325	0.0046384399332001424	1.4173552919298453	0.3207004730065819	0.33054754800105	0.00984707499446813
numba_didatic_mwsd	300	59	0.3586869853267369	0.007079547146078255	1.973739621366334	0.3524233999924036	0.3685830670001451	0.01615966700774152
numba_didatic_mwsd	400	1	0.017537480996300776	0.0007688752582018716	4.384182987078089	0.01668546900327783	0.018548559994087555	0.0018630909908097237
numba_didatic_mwsd	400	3	0.019474622332685005	0.0005037387131793858	2.586641756507605	0.018823528997018002	0.02005054299661424	0.0012270139995962381
numba_didatic_mwsd	400	5	0.020760285672925722	0.0014936624030145232	7.194806596339207	0.019626431007054634	0.02287069000885822	0.0032442590018035844
numba_didatic_mwsd	400	7	0.03020592100316814	0.0020897173814421483	6.918237590646446	0.0276135659951251	0.032730980004998855	0.005117414009873755
numba_didatic_mwsd	400	9	0.03568094366346486	0.0004235652094598105	1.187090827683226	0.03510186399216764	0.03610319099971093	0.0010013270075432956
numba_didatic_mwsd	400	11	0.042065937329122484	0.000646605155387832	1.5371228990544414	0.04116649099159986	0.04265847000351641	0.0014919790119165555
numba_didatic_mwsd	400	13	0.053830193001582906	0.0012992240733999667	2.4135601248202145	0.05209726899920497	0.055225527001312	0.0031282580021070316
numba_didatic_mwsd	400	15	0.06315818899990215	0.0008722389439161774	1.381038560047263	0.0621182329923613	0.06425268400926143	0.0021344510169001296
numba_didatic_mwsd	400	17	0.08126481899428957	0.007495379325719808	9.223400013044394	0.07424486699164845	0.09165311399556231	0.017408247003913857
numba_didatic_mwsd	400	19	0.08914091966774625	0.002586731068556376	2.901844717552684	0.08556773301097564	0.0916064969933359	0.006038763982360251
numba_didatic_mwsd	400	21	0.09941727766514911	0.0009214505408173701	0.9268515115862864	0.09813424499589019	0.10025622000102885	0.0021219750051386654
numba_didatic_mwsd	400	23	0.11974545233048654	0.0034440601408823796	2.8761510970596924	0.11646480498893652	0.12450352200539783	0.008038717016461305
numba_didatic_mwsd	400	25	0.13707884266720308	0.0035923322254895404	2.6206321527027505	0.13416643800155725	0.14213999999628868	0.007973561994731426
numba_didatic_mwsd	400	27	0.15519099232915323	0.004741000607326053	3.054945738906418	0.1500667859945679	0.16149775999656413	0.01143097400199622
numba_didatic_mwsd	400	29	0.17886651333537884	0.005109299348112805	2.856487361909242	0.1717859030031832	0.18365426699165255	0.011868363988469355
numba_didatic_mwsd	400	31	0.1966734639960729	0.003723442960532677	1.8932106471704921	0.19145508798828814	0.19989294299739413	0.008437855009105988
numba_didatic_mwsd	400	33	0.21871970366919413	0.0012765846951099645	0.5836624106992911	0.21701193500484806	0.22008068500144873	0.0030687499966006726
numba_didatic_mwsd	400	35	0.2427333650023987	0.006144446682088225	2.5313564462089935	0.23732123500667512	0.25132695700449403	0.01400572199781891
numba_didatic_mwsd	400	37	0.28220883233492106	0.00598664121729574	2.121351471448947	0.2779526920057833	0.2906751800037455	0.012722487997962162
numba_didatic_mwsd	400	39	0.3133144859990959	0.009882595695273989	3.1542096318210153	0.3034769369987771	0.3268306739919353	0.023353736993158236
numba_didatic_mwsd	400	41	0.3498593146650819	0.006355998336907866	1.816729774078596	0.3419071929965867	0.35746454799664207	0.015557355000055395
numba_didatic_mwsd	400	43	0.3461695893347496	0.009078705291768532	2.6226178068430293	0.33388677799666766	0.35554885600868147	0.021662078012013808
numba_didatic_mwsd	400	45	0.37806866199631867	0.006460875881131324	1.7089160066893443	0.3689327689935453	0.3827629809966311	0.013830212003085762
numba_didatic_mwsd	400	47	0.4056954819970997	0.008612341853291688	2.1228587044884217	0.39754323099623434	0.41760833200532943	0.020065101009095088
numba_didatic_mwsd	400	49	0.44422957600424223	0.002957541367357765	0.6657686761787156	0.4410463240055833	0.44817083100497257	0.0071245069993892685
numba_didatic_mwsd	400	51	0.4647309620001276	0.006505560382859347	1.3998551667098869	0.46000610500050243	0.4739300759974867	0.01392397099698428
numba_didatic_mwsd	400	53	0.4962891573377419	0.005371796307621505	1.082392437593758	0.4895796850032639	0.5027295910113025	0.01314990600803867
numba_didatic_mwsd	400	55	0.5334163380030077	0.008345964505813413	1.564624836400559	0.5256078290112782	0.5449856479972368	0.019377818985958584
numba_didatic_mwsd	400	57	0.5764956579951104	0.0008974859477715329	0.15567956762983026	0.5755862889927812	0.5777171590016223	0.002130870008841157
numba_didatic_mwsd	400	59	0.6106103473284747	0.003417682803917663	0.5597158349626096	0.6057775230001425	0.6130875079979887	0.007309984997846186
numba_better_mwsd	100	1	0.001284700333296011	1.4724354502363864e-05	1.146131445656844	0.0012738340010400862	0.0013055169983999804	3.1682997359894216e-05
numba_better_mwsd	100	3	0.0015389946638606489	6.864195157857764e-05	4.460181259263479	0.0014814609894528985	0.0016354740073438734	0.00015401301789097488
numba_better_mwsd	100	5	0.0016712793343079586	0.0002235597733109243	13.376565408408863	0.0013551209995057434	0.0018305370031157508	0.00047541600361000746
numba_better_mwsd	100	7	0.0023063000019950173	6.986009320957467e-05	3.0290982590792024	0.0022247950109886006	0.0023954089992912486	0.00017061398830264807
numba_better_mwsd	100	9	0.0029905326664447784	5.515978482753952e-06	0.18444802642171063	0.0029835640016244724	0.0029970530013088137	1.3488999684341252e-05
numba_better_mwsd	100	11	0.003389750335675975	0.00038362596341284024	11.317233584294007	0.0028487080126069486	0.0036950310022803023	0.0008463229896733537
numba_better_mwsd	100	13	0.005632850666491625	0.0018537478910557066	32.9095870068627	0.0036254960141377524	0.008096824996755458	0.004471328982617706
numba_better_mwsd	100	15	0.005692745335788156	0.0010880541377766056	19.112995112154714	0.004868176009040326	0.007230133007396944	0.002361956998356618
numba_better_mwsd	100	17	0.00638277599743257	0.00041543550595217677	6.5086963120636385	0.005816333010443486	0.00680104098864831	0.000984707978204824
numba_better_mwsd	100	19	0.006997671337254967	0.0007555364561870474	10.796969731411075	0.00593148400366772	0.0075914810004178435	0.0016599969967501238
numba_better_mwsd	100	21	0.008434527330488587	0.000478600144994087	5.67429716261721	0.007868278000387363	0.009038756994414143	0.0011704789940267801
numba_better_mwsd	100	23	0.010012840992809894	0.001309385285136504	13.077060607241826	0.008857492997776717	0.01184375598677434	0.0029862629889976233
numba_better_mwsd	100	25	0.009914863330777735	0.001490884025194237	15.036859061548858	0.008439283992629498	0.011956916001508944	0.0035176320088794455
numba_better_mwsd	100	27	0.012677123328709664	0.0008592649029435553	6.778074809744832	0.011545207002200186	0.013625936990138143	0.002080729987937957
numba_better_mwsd	100	29	0.012887734667553255	0.001622882795059337	12.59245970624442	0.011305991996778175	0.015118811003048904	0.003812819006270729
numba_better_mwsd	100	31	0.015546431663096882	0.003263093752345993	20.98934226875814	0.01298478500393685	0.02015143098833505	0.007166645984398201
numba_better_mwsd	100	33	0.015978957337210886	0.001735255611785631	10.859629794145995	0.014205525003490038	0.01833464299852494	0.004129117995034903
numba_better_mwsd	100	35	0.016565458664748196	0.0013801499798065796	8.331492702605217	0.014622146991314366	0.01769483499811031	0.003072688006795943
numba_better_mwsd	100	37	0.019333462667418644	0.0018185576290571696	9.406269639022604	0.017575789999682456	0.021838234999449924	0.004262444999767467
numba_better_mwsd	100	39	0.02042111600167118	0.0006352127816958354	3.1105684020591835	0.019892190000973642	0.021314404002623633	0.0014222140016499907
numba_better_mwsd	100	41	0.021761719331455726	0.0004851770292766477	2.2294976875992654	0.021222737996140495	0.022398931992938742	0.001176193996798247
numba_better_mwsd	100	43	0.023756586330515955	0.00162742713354291	6.850425018566063	0.022564903993043117	0.026057625000248663	0.003492721007205546
numba_better_mwsd	100	45	0.02425602566897093	0.0005118053871858597	2.1100133804713823	0.023550775003968738	0.02474965900182724	0.001198883997858502
numba_better_mwsd	100	47	0.029064397342153825	0.005539761569507073	19.060300835732203	0.024547051012632437	0.036866411013761535	0.012319360001129098
numba_better_mwsd	100	49	0.02724314199682946	0.0010119792018574215	3.7146200022566966	0.026136494998354465	0.028582373997778632	0.002445878999424167
numba_better_mwsd	100	51	0.029491546001130093	0.0015510249198097353	5.259218759675404	0.02748734300257638	0.0312655899906531	0.0037782469880767167
numba_better_mwsd	100	53	0.03166388866763251	0.00047515089776340564	1.5006081620325895	0.031017788001918234	0.032146839002962224	0.0011290510010439903
numba_better_mwsd	100	55	0.03427521233485701	0.0012210266845859687	3.5624190235700333	0.03308908600592986	0.03595510000013746	0.0028660139942076057
numba_better_mwsd	100	57	0.036990376000176184	0.0026045106516052285	7.041049411319375	0.034338784011197276	0.04053021999425255	0.006191435983055271
numba_better_mwsd	100	59	0.04141904500041468	0.004191302216551871	10.119263291826039	0.03729103099612985	0.047166820004349574	0.009875789008219726
numba_better_mwsd	200	1	0.004645385672726358	0.00027319406505344976	5.880977044756614	0.004271042009349912	0.004915338009595871	0.0006442960002459586
numba_better_mwsd	200	3	0.00540258499677293	0.00017122774780641578	3.1693670327943657	0.0051703420031117275	0.0055780849943403155	0.0004077429912285879
numba_better_mwsd	200	5	0.006362797668164906	0.0009120054766405898	14.333403703902803	0.005079602007754147	0.0071170349983731285	0.0020374329906189814
numba_better_mwsd	200	7	0.008103738335194066	0.00029674824747149127	3.6618685746889286	0.007756569000775926	0.008481515003950335	0.0007249460031744093
numba_better_mwsd	200	9	0.010245044332502099	0.0009416818837938363	9.191584274617323	0.009374863002449274	0.011553195989108644	0.0021783329866593704
numba_better_mwsd	200	11	0.011819880329615748	0.00022911285232692048	1.938368629273328	0.01149595799506642	0.011988533995463513	0.0004925760003970936
numba_better_mwsd	200	13	0.016036728673498146	0.004116290660340971	25.667894893947036	0.013119634008035064	0.021858038002392277	0.008738403994357213
numba_better_mwsd	200	15	0.016494302661158144	0.0005116508566280272	3.101985377247235	0.015962095989380032	0.017184960990562104	0.0012228650011820719
numba_better_mwsd	200	17	0.019034399001005415	0.0012187095208099645	6.402668772182358	0.017893344003823586	0.020723574998555705	0.002830230994732119
numba_better_mwsd	200	19	0.02297154567107403	0.0019339928225692823	8.41908006653894	0.02024786500260234	0.02454940699681174	0.004301541994209401
numba_better_mwsd	200	21	0.026215072997729294	0.0018840508310240553	7.186899045397465	0.024019432996283285	0.028620120996492915	0.0046006880002096295
numba_better_mwsd	200	23	0.03082618533517234	0.0008524579543247351	2.7653695877578786	0.030163129995344207	0.032029662004788406	0.0018665320094441995
numba_better_mwsd	200	25	0.03357232600198282	0.0016394761595649005	4.883415463879598	0.031758049997733906	0.035729713999899104	0.003971664002165198
numba_better_mwsd	200	27	0.03839062133435315	0.0013059884587174934	3.4018424639271294	0.03657361399382353	0.03958595600852277	0.003012342014699243
numba_better_mwsd	200	29	0.04352552266209386	0.002015815683950788	4.631341706337167	0.04094397299923003	0.0458636609982932	0.0049196879990631714
numba_better_mwsd	200	31	0.05237691333362212	0.004945894282389746	9.44288994444208	0.04740045299695339	0.059121778002008796	0.011721325005055405
numba_better_mwsd	200	33	0.05909088066740272	0.009671461646670692	16.367096813308994	0.05128242100181524	0.07272016699425876	0.021437745992443524
numba_better_mwsd	200	35	0.05857304666521183	0.0010128112698292674	1.7291422036115536	0.05716630299866665	0.05950983699585777	0.002343533997191116
numba_better_mwsd	200	37	0.07060915233159903	0.005137840780414828	7.276451579939926	0.06693116499809548	0.07787496999662835	0.010943804998532869
numba_better_mwsd	200	39	0.07974196067273927	0.0046628553074270825	5.847429970481193	0.07506931200623512	0.08610793700790964	0.011038625001674518
numba_better_mwsd	200	41	0.08463017466419842	0.0008098065241284174	0.9568768200486704	0.08380187599686906	0.08572924800682813	0.0019273720099590719
numba_better_mwsd	200	43	0.0866229629997785	0.003973692417028377	4.587342985529759	0.08243687899084762	0.09196298400638625	0.009526105015538633
numba_better_mwsd	200	45	0.09498445266702522	0.004612873276855391	4.856450868887087	0.09106226099538617	0.10145999300584663	0.010397732010460459
numba_better_mwsd	200	47	0.10306347633013502	0.007761930188738977	7.53121325335059	0.09535641499678604	0.11368621999281459	0.018329804996028543
numba_better_mwsd	200	49	0.10523146200284828	0.0031679872317022907	3.0104943630038545	0.10174228000687435	0.10940986100467853	0.00766758099780418
numba_better_mwsd	200	51	0.11380958366498817	0.004525041739751223	3.9759760066175214	0.10944326999015175	0.12004434299888089	0.010601073008729145
numba_better_mwsd	200	53	0.1251522043312434	0.00450296662974298	3.5979922637438073	0.12111555400770158	0.13143598999886308	0.010320435991161503
numba_better_mwsd	200	55	0.1377293343296818	0.002967641117311933	2.154690670477148	0.13384920298994984	0.1410545990074752	0.007205396017525345
numba_better_mwsd	200	57	0.14236978799453937	0.002210569993580901	1.5526959931033177	0.13941293099196628	0.14472723699873313	0.005314306006766856
numba_better_mwsd	200	59	0.14658456599863712	0.0012364484964433723	0.8435052408279248	0.14539849098946434	0.14829031500266865	0.002891824013204314
numba_better_mwsd	300	1	0.009869165999892479	0.0009032812302342375	9.152558891441064	0.009049312997376546	0.01112747700244654	0.0020781640050699934
numba_better_mwsd	300	3	0.011284419999962362	0.0004899293682120422	4.3416442157742825	0.010673037002561614	0.011872431001393124	0.0011993939988315105
numba_better_mwsd	300	5	0.013805690328202521	0.0011815447977117735	8.558389835081929	0.01216534098784905	0.014901568996720016	0.0027362280088709667
numba_better_mwsd	300	7	0.015112703001553504	0.0007357405070595249	4.868358142047089	0.01424247000250034	0.016041775001212955	0.0017993049987126142
numba_better_mwsd	300	9	0.019846254333970137	0.00010245077882128093	0.5162222407173304	0.019726327998796478	0.019976627008873038	0.0002502990100765601
numba_better_mwsd	300	11	0.02447469467006158	0.000841827176454499	3.4395819347411734	0.02354222600115463	0.025581933005014434	0.002039707003859803
numba_better_mwsd	300	13	0.03225547466233062	0.0037580367425157028	11.650849295684077	0.027362462002201937	0.03649866698833648	0.009136204986134544
numba_better_mwsd	300	15	0.03563373033345366	0.0015353417153500055	4.308675238271632	0.03398108799592592	0.03767967900785152	0.0036985910119256005
numba_better_mwsd	300	17	0.04095806433664014	0.0008710778156726745	2.126755328360155	0.04023037600563839	0.04218273200967815	0.001952356004039757
numba_better_mwsd	300	19	0.047163689004567765	0.0008644288611242701	1.8328270738969354	0.04637466699932702	0.048366865012212656	0.0019921980128856376
numba_better_mwsd	300	21	0.05538410666728547	0.0009024789651128059	1.6294908763887064	0.05412257900752593	0.05618254099681508	0.0020599619892891496
numba_better_mwsd	300	23	0.06434040866345943	0.001298049289323896	2.0174713159089577	0.06255014600174036	0.06558713299455121	0.003036986992810853
numba_better_mwsd	300	25	0.07171582099787581	0.0008544874638979325	1.191490876083315	0.07097218200215138	0.07291254898882471	0.0019403669866733253
numba_better_mwsd	300	27	0.08586768066743389	0.0026781842497804126	3.118966564559998	0.08225564598978963	0.08866056700935587	0.006404921019566245
numba_better_mwsd	300	29	0.0919195343303727	0.0013538051437250232	1.472815494102965	0.09000813099555671	0.09297055398928933	0.0029624229937326163
numba_better_mwsd	300	31	0.10572358333350469	0.002101576653509677	1.9878030873019696	0.10362559900386259	0.10859570000320673	0.00497010099934414
numba_better_mwsd	300	33	0.1167909696669085	0.003096295828319342	2.6511431809754424	0.11432652099756524	0.12115775000711437	0.0068312290095491335
numba_better_mwsd	300	35	0.1355124646652257	0.009298282696086272	6.861570054870631	0.12859807099448517	0.1486562740028603	0.02005820300837513
numba_better_mwsd	300	37	0.15212379433311676	0.0017200022260748116	1.1306595615860036	0.15002823500253726	0.1542411929985974	0.00421295799606014
numba_better_mwsd	300	39	0.17011028099902128	0.007946191674703723	4.671200134428936	0.16414514699135907	0.18134062500030268	0.01719547800894361
numba_better_mwsd	300	41	0.18802526766376104	0.0032787901423472505	1.743802938342625	0.18543941600364633	0.1926514689985197	0.007212052994873375
numba_better_mwsd	300	43	0.19105177633173298	0.004406303232060094	2.3063398397349646	0.18488743199850433	0.19492382599855773	0.010036394000053406
numba_better_mwsd	300	45	0.19859753566561267	0.0015534205842847799	0.7821952971764674	0.1964140049967682	0.1998986300022807	0.0034846250055124983
numba_better_mwsd	300	47	0.2224807086652921	0.006181972930579571	2.778655717013178	0.21648122799524572	0.230987704009749	0.014506476014503278
numba_better_mwsd	300	49	0.2359072316661089	0.006071616906848298	2.5737307262550373	0.227350582004874	0.24080572399543598	0.01345514199056197
numba_better_mwsd	300	51	0.2552119336614851	0.009568259130438926	3.749142523691832	0.24586618298781104	0.2683594819973223	0.022493299009511247
numba_better_mwsd	300	53	0.27474057900447707	0.008286211869761145	3.0160131058128536	0.2668587250082055	0.28619144900585525	0.019332723997649737
numba_better_mwsd	300	55	0.2954517503288419	0.005021221463619737	1.6995064195866323	0.29003256298892666	0.3021354230004363	0.01210286001150962
numba_better_mwsd	300	57	0.31664860133605544	0.004659877837954107	1.4716243237116444	0.3121781509980792	0.3230770350055536	0.010898884007474408
numba_better_mwsd	300	59	0.3385851896649304	0.005177771474608214	1.5292374364431662	0.334912328995415	0.3459076519939117	0.010995322998496704
numba_better_mwsd	400	1	0.016083260663435794	0.0005258046273606273	3.2692663407241076	0.015687378006987274	0.016826328996103257	0.0011389509891159832
numba_better_mwsd	400	3	0.01887060300214216	0.00014948883673370481	0.7921783777483691	0.018660868008737452	0.018998465995537117	0.0003375979867996648
numba_better_mwsd	400	5	0.02000305366042691	0.0011424237209855053	5.711246594541822	0.01886897899385076	0.021566636991337873	0.002697657997487113
numba_better_mwsd	400	7	0.024844661000922013	0.0011096867787177905	4.466499980324178	0.023387214008835144	0.02607736199570354	0.0026901479868683964
numba_better_mwsd	400	9	0.03816870367154479	0.004230335267188251	11.083256333753914	0.033419583007344045	0.04369413600943517	0.010274553002091125
numba_better_mwsd	400	11	0.040041606334852986	0.000684973767081248	1.7106550655162742	0.03945575999387074	0.04100264000589959	0.0015468800120288506
numba_better_mwsd	400	13	0.05064752699884897	0.0026950845594156266	5.321255980527688	0.04870911299076397	0.05445876400335692	0.005749651012592949
numba_better_mwsd	400	15	0.062368677332415245	0.0025363863043471775	4.066763017642073	0.05878249800298363	0.06422788499912713	0.0054453869961434975
numba_better_mwsd	400	17	0.06933077366556972	0.0005423592161476647	0.7822777497967041	0.06859998199797701	0.06989788200007752	0.001297900002100505
numba_better_mwsd	400	19	0.08241027733311057	0.0008618106419950293	1.0457562695869893	0.0813399790058611	0.08345032499346416	0.0021103459876030684
numba_better_mwsd	400	21	0.10441725899969849	0.0018730303790138402	1.793793858368997	0.10210228299547452	0.10668965900549665	0.004587376010022126
numba_better_mwsd	400	23	0.11241279666622479	0.0027096811147331507	2.4104738918458857	0.11012626400042791	0.11621921599726193	0.006092951996834017
numba_better_mwsd	400	25	0.13241516200165884	0.006461449787203465	4.879690278310061	0.12593886099057272	0.14123620100144763	0.015297340010874905
numba_better_mwsd	400	27	0.14918149100170316	0.007198332942452466	4.825218526854839	0.14337745899683796	0.1593263590038987	0.01594890000706073
numba_better_mwsd	400	29	0.17137882300206306	0.009776985566737947	5.704897136923535	0.16290271100297105	0.18507736599713098	0.022174654994159937
numba_better_mwsd	400	31	0.19173086233301243	0.0044331175129058336	2.312156456692958	0.18745230400236323	0.19783867400838062	0.010386370006017387
numba_better_mwsd	400	33	0.21499178100202698	0.0024412550655379343	1.1355108805368321	0.2129108079971047	0.21841800700349268	0.005507199006387964
numba_better_mwsd	400	35	0.24857433299378803	0.018402055683580772	7.403039349215772	0.23019541399844456	0.27372045199444983	0.04352503799600527
numba_better_mwsd	400	37	0.2737828123305614	0.0046015938794700985	1.6807460776296652	0.2674884209991433	0.27836090899654664	0.010872487997403368
numba_better_mwsd	400	39	0.29994458467020496	0.0021070235776594753	0.7024709514179727	0.29749444901244715	0.3026383079995867	0.005143858987139538
numba_better_mwsd	400	41	0.33852929999799625	0.011823100050155463	3.4924894389423433	0.3283043359988369	0.35509892499248963	0.026794588993652724
numba_better_mwsd	400	43	0.34494478566921316	0.012822426525437068	3.7172402825457436	0.3307434580055997	0.3618108810042031	0.031067422998603433
numba_better_mwsd	400	45	0.453149244664625	0.014891259121514532	3.286171012496231	0.43672958998649847	0.4727792560006492	0.036049666014150716
numba_better_mwsd	400	47	0.4702882390023054	0.012071409155179638	2.5668107671134983	0.4572540980007034	0.4863531760056503	0.029099078004946932
numba_better_mwsd	400	49	0.48270500300471514	0.04879440375877318	10.108534913672017	0.4412083580100443	0.5512012270046398	0.10999286899459548
numba_better_mwsd	400	51	0.48606469299799454	0.01169412643666404	2.4058786011664273	0.473390875995392	0.5016026700031944	0.028211794007802382
numba_better_mwsd	400	53	0.5630351403330375	0.0503987872667354	8.951268518857335	0.5248664759856183	0.6342483650078066	0.10938188902218826
numba_better_mwsd	400	55	0.8345454706626091	0.006521315902514096	0.7814212804170309	0.8279199940006947	0.8434141639882	0.015494169987505302
numba_better_mwsd	400	57	0.8933389890056181	0.04805499722571821	5.379256678274903	0.8272456450067693	0.9400851700047497	0.11283952499798033
numba_better_mwsd	400	59	0.8319699096658345	0.016286005256028795	1.9575233511233792	0.8105281199968886	0.849973536998732	0.03944541700184345
numba_optimized_parallel_mwsd	100	1	0.00029645266962082434	6.4261196970350654e-06	2.1676713875622533	0.0002903540007537231	0.0003053370019188151	1.4983001165091991e-05
numba_optimized_parallel_mwsd	100	3	0.00032403266231995076	1.053291991349192e-05	3.250573518755861	0.00031016499269753695	0.00033567599894013256	2.5511006242595613e-05
numba_optimized_parallel_mwsd	100	5	0.0004017089959233999	4.1415484238018663e-05	10.309822448167427	0.0003702469985000789	0.00046022399328649044	8.997699478641152e-05
numba_optimized_parallel_mwsd	100	7	0.0004027223330922425	7.103278064335269e-05	17.638152842912444	0.0003369839978404343	0.0005013740010326728	0.0001643900031922385
numba_optimized_parallel_mwsd	100	9	0.0003865033310527603	4.122521549959753e-05	10.666199276292915	0.00035644198942463845	0.00044479500502347946	8.835301559884101e-05
numba_optimized_parallel_mwsd	100	11	0.00040161800279747695	1.418939310535507e-05	3.5330570359193594	0.00038169299659784883	0.00041364300705026835	3.195001045241952e-05
numba_optimized_parallel_mwsd	100	13	0.0005889190069865435	8.646035685855525e-05	14.681196536849221	0.0004930050054099411	0.0007025530067039654	0.0002095480012940243
numba_optimized_parallel_mwsd	100	15	0.00048103066607533645	4.4597654228264086e-05	9.271270497602629	0.0004463219956960529	0.0005439910019049421	9.766900620888919e-05
numba_optimized_parallel_mwsd	100	17	0.0004768583263891439	2.8029236211320113e-06	0.587789594103609	0.00047456499305553734	0.00048080499982461333	6.24000676907599e-06
numba_optimized_parallel_mwsd	100	19	0.0005230179958743975	1.601739340207735e-05	3.062493743699771	0.0005083669966552407	0.0005453049961943179	3.693799953907728e-05
numba_optimized_parallel_mwsd	100	21	0.000558647002132299	9.927710427259828e-06	1.7770990248523242	0.0005491210031323135	0.0005723420035792515	2.3221000446937978e-05
numba_optimized_parallel_mwsd	100	23	0.000624417332195056	5.8894682341719e-05	9.4319422772399	0.000581366999540478	0.0007076909969327971	0.00012632399739231914
numba_optimized_parallel_mwsd	100	25	0.0006350349964729199	1.0216781283584025e-05	1.6088532664072952	0.0006276189960772172	0.0006494819972431287	2.1863001165911555e-05
numba_optimized_parallel_mwsd	100	27	0.000701683335743534	6.834267432219425e-05	9.73981721395384	0.0006500460003735498	0.0007982570095919073	0.0001482110092183575
numba_optimized_parallel_mwsd	100	29	0.000847564665794683	9.527769812293667e-05	11.24134853281119	0.0007316639967029914	0.0009650300053181127	0.00023336600861512125
numba_optimized_parallel_mwsd	100	31	0.001024589000735432	0.0001026719506857982	10.02079376336288	0.0009262419916922227	0.0011662730103125796	0.00024003101862035692
numba_optimized_parallel_mwsd	100	33	0.001091329662206893	0.00014151446930285575	12.96716053851999	0.000932059992919676	0.001275913993595168	0.000343854000675492
numba_optimized_parallel_mwsd	100	35	0.0009280413263089334	5.456291506336129e-05	5.8793626443740905	0.0008608439966337755	0.00099448898981791	0.00013364499318413436
numba_optimized_parallel_mwsd	100	37	0.0010825726688684274	2.226580191837388e-05	2.0567489424656813	0.0010535719920881093	0.0011076970113208517	5.412501923274249e-05
numba_optimized_parallel_mwsd	100	39	0.0010667599951072286	0.00010335484829620028	9.688669313645498	0.0009774889913387597	0.001211626993608661	0.00023413800226990134
numba_optimized_parallel_mwsd	100	41	0.0012054813317566488	3.432804959476547e-05	2.847663310118791	0.0011574410018511117	0.0012355609942460433	7.811999239493161e-05
numba_optimized_parallel_mwsd	100	43	0.0012625493351758148	0.00021342804764793263	16.90453130833196	0.0010873030114453286	0.0015629959962097928	0.0004756929847644642
numba_optimized_parallel_mwsd	100	45	0.0015682899975217879	0.00017447135365532873	11.124942066265065	0.0013215579965617508	0.0016933500010054559	0.0003717920044437051
numba_optimized_parallel_mwsd	100	47	0.0014539826661348343	0.00013683429520358758	9.41099907107822	0.0012663009983953089	0.0015886540059000254	0.0003223530075047165
numba_optimized_parallel_mwsd	100	49	0.0014271179970819503	9.181400297453757e-05	6.433525690396382	0.001302281001699157	0.0015204639930743724	0.00021818299137521535
numba_optimized_parallel_mwsd	100	51	0.0014669380034320056	8.815869066024366e-05	6.009708007699721	0.0013763640017714351	0.001586422004038468	0.00021005800226703286
numba_optimized_parallel_mwsd	100	53	0.0017229359946213663	0.00012192130980804032	7.076369069347457	0.001609273997019045	0.001892051994218491	0.00028277799719944596
numba_optimized_parallel_mwsd	100	55	0.0017148213325223576	0.0002784192858541477	16.236052151544932	0.0015117549919523299	0.002108500004396774	0.000596745012444444
numba_optimized_parallel_mwsd	100	57	0.0017957156621074926	0.00028150630802591266	15.676552472429321	0.0015813959907973185	0.002193424996221438	0.0006120290054241195
numba_optimized_parallel_mwsd	100	59	0.0019148199983950083	0.00020233154494833416	10.566609139132	0.001653012994211167	0.0021457230031955987	0.0004927100089844316
numba_optimized_parallel_mwsd	200	1	0.0007542653329437599	9.558532621322488e-05	12.672639459667701	0.0006312030018307269	0.0008642379980301484	0.00023303499619942158
numba_optimized_parallel_mwsd	200	3	0.0009581870108377188	0.00024102150893523023	25.153911105986623	0.0007225030130939558	0.0012892820086563006	0.0005667789955623448
numba_optimized_parallel_mwsd	200	5	0.0010388336716763054	0.00023553464166204498	22.67298876459948	0.0007793670083628967	0.0013494610029738396	0.0005700939946109429
numba_optimized_parallel_mwsd	200	7	0.0011326529929647222	4.936119399797701e-05	4.358015588584987	0.0010945760004688054	0.0012023609888274223	0.00010778498835861683
numba_optimized_parallel_mwsd	200	9	0.0012194276641821489	2.2894333626654462e-05	1.8774654946022842	0.0011915689974557608	0.0012476449919631705	5.607599450740963e-05
numba_optimized_parallel_mwsd	200	11	0.001394253660691902	0.00027171227460710736	19.48800869364542	0.001085236988728866	0.0017465569981141016	0.0006613200093852356
numba_optimized_parallel_mwsd	200	13	0.0014794610033277422	0.00020909568633682994	14.133234053923175	0.001217245007865131	0.0017289480019826442	0.0005117029941175133
numba_optimized_parallel_mwsd	200	15	0.0020114109987237803	0.0004569716990280778	22.718961928617357	0.0016155070043168962	0.0026517200021771714	0.0010362129978602752
numba_optimized_parallel_mwsd	200	17	0.0019083876638129975	0.00046289277788326357	24.25569954473476	0.0014395680045709014	0.002538474989705719	0.0010989069851348177
numba_optimized_parallel_mwsd	200	19	0.0017640400037635118	0.00018747531618203787	10.627611379677699	0.0015881700091995299	0.0020237970020389184	0.00043562699283938855
numba_optimized_parallel_mwsd	200	21	0.0019200400032180671	0.00019521350251831482	10.16715808999442	0.001647433004109189	0.00209411300602369	0.0004466800019145012
numba_optimized_parallel_mwsd	200	23	0.0022048100023918473	0.00012809978843981719	5.810014844855135	0.0020404980023158714	0.002353037998545915	0.00031253999623004347
numba_optimized_parallel_mwsd	200	25	0.002120591995966	0.00031316055056158687	14.767600328460723	0.0018909779901150614	0.002563365997048095	0.0006723880069330335
numba_optimized_parallel_mwsd	200	27	0.0022576229966944084	0.0002539739752632551	11.249618542826749	0.002054671000223607	0.0026157349930144846	0.0005610639927908778
numba_optimized_parallel_mwsd	200	29	0.002810530670103617	8.857008580718815e-05	3.1513652118915605	0.0027289170102449134	0.002933626004960388	0.00020470899471547455
numba_optimized_parallel_mwsd	200	31	0.0025417866612163684	0.00025463221674927713	10.017843772436166	0.0023023779940558597	0.0028944480000063777	0.000592070005950518
numba_optimized_parallel_mwsd	200	33	0.0029784120027519143	0.00026946766098975844	9.04736016175005	0.0026146740128751844	0.0032587199966656044	0.00064404598379042
numba_optimized_parallel_mwsd	200	35	0.0029717389988945797	0.000300346640919377	10.106763784810818	0.0027030479977838695	0.0033909810008481145	0.000687933003064245
numba_optimized_parallel_mwsd	200	37	0.00322462800249923	0.0002498023874029585	7.746704029405889	0.0028797650011256337	0.0034634220064617693	0.0005836570053361356
numba_optimized_parallel_mwsd	200	39	0.0037243303328674906	0.0007182229188558413	19.284619103667335	0.0031808969943085685	0.004739200012409128	0.0015583030181005597
numba_optimized_parallel_mwsd	200	41	0.003472075331956148	0.00025380164872998206	7.309796719963204	0.003125582996290177	0.0037264400016283616	0.0006008570053381845
numba_optimized_parallel_mwsd	200	43	0.003216137998000098	0.00021436493185165013	6.665290232724759	0.00291693200415466	0.0034079939941875637	0.0004910619900329039
numba_optimized_parallel_mwsd	200	45	0.004380341333065492	0.00040047723271738035	9.142603333085793	0.0038264699978753924	0.004759711999213323	0.0009332420013379306
numba_optimized_parallel_mwsd	200	47	0.005686947333742864	0.0006938902692071368	12.201454110362807	0.005053354005212896	0.0066527009912533686	0.001599346986040473
numba_optimized_parallel_mwsd	200	49	0.0049877673300215974	0.0001199941356477172	2.4057685073934194	0.00483871299366001	0.005132543999934569	0.0002938310062745586
numba_optimized_parallel_mwsd	200	51	0.00532288499622761	0.0007260660465634865	13.640460898141852	0.00435281298996415	0.006099431004258804	0.0017466180142946541
numba_optimized_parallel_mwsd	200	53	0.00529600433461989	0.00018319627677891053	3.459141367792311	0.005116426997119561	0.005547519001993351	0.00043109200487378985
numba_optimized_parallel_mwsd	200	55	0.0064083029962300015	0.0006813750748687729	10.63269129549001	0.005445415008580312	0.006922042986843735	0.0014766279782634228
numba_optimized_parallel_mwsd	200	57	0.005114220664836466	0.0006781030064146821	13.259165977664464	0.004365667002275586	0.0060076179943280295	0.0016419509920524433
numba_optimized_parallel_mwsd	200	59	0.005964285335115467	0.00020380293005339468	3.4170553319017074	0.005676073007634841	0.006110312999226153	0.000434239991591312
numba_optimized_parallel_mwsd	300	1	0.002095549658406526	0.0005903406767398012	28.171161412070823	0.0016042719944380224	0.002925771987065673	0.0013214999926276505
numba_optimized_parallel_mwsd	300	3	0.0018964013288496062	0.00037680051834472397	19.86923931198142	0.001423131994670257	0.0023451209999620914	0.0009219890052918345
numba_optimized_parallel_mwsd	300	5	0.0021056876673052707	0.00031110296803682193	14.774411840239932	0.0016692100034561008	0.00237181200645864	0.0007026020030025393
numba_optimized_parallel_mwsd	300	7	0.0021947826753603294	0.00029192525184325676	13.300872798047296	0.001966983007150702	0.0026068620063597336	0.0006398789992090315
numba_optimized_parallel_mwsd	300	9	0.0023796259968852005	0.00029538020844014723	12.412883739998794	0.002111403999151662	0.002791075996356085	0.000679671997204423
numba_optimized_parallel_mwsd	300	11	0.002962319000895756	0.0005438189765059968	18.357880307338778	0.0023655289987800643	0.003680820998852141	0.001315292000072077
numba_optimized_parallel_mwsd	300	13	0.0028314980008872226	0.00035415346663959725	12.507636118006324	0.0025759900017874315	0.003332312000566162	0.0007563219987787306
numba_optimized_parallel_mwsd	300	15	0.0038087546708993614	0.0002267809651453268	5.95420248193032	0.0034889470116468146	0.003989555989392102	0.0005006089777452871
numba_optimized_parallel_mwsd	300	17	0.0033458309965984276	0.0002436693168747346	7.282774208334595	0.0030754679901292548	0.0036660530022345483	0.0005905850121052936
numba_optimized_parallel_mwsd	300	19	0.003564686009970804	0.0004656413543053668	13.062619063864775	0.0031524120131507516	0.004215520006255247	0.001063107993104495
numba_optimized_parallel_mwsd	300	21	0.0040505650007010745	0.0003695771031963822	9.124087704614432	0.0035480410006130114	0.004426258004968986	0.0008782170043559745
numba_optimized_parallel_mwsd	300	23	0.005012615996141297	0.0007657955971369744	15.27736410940879	0.004190669991658069	0.006034299993189052	0.0018436300015309826
numba_optimized_parallel_mwsd	300	25	0.006157128998893313	0.0007974855335158709	12.952230392756292	0.005140667999512516	0.007088537997333333	0.001947869997820817
numba_optimized_parallel_mwsd	300	27	0.004525131667226863	0.00011562336750045375	2.55513819272603	0.00436457600153517	0.004632233991287649	0.0002676579897524789
numba_optimized_parallel_mwsd	300	29	0.005697283331149568	0.0002869929503392	5.037364892317758	0.005302920995745808	0.005977567998343147	0.0006746470025973395
numba_optimized_parallel_mwsd	300	31	0.005714921329248075	0.0007104649340265134	12.43175352896749	0.004753797999001108	0.006449100997997448	0.0016953029989963397
numba_optimized_parallel_mwsd	300	33	0.006446472660172731	0.0004882257510513103	7.573533260563436	0.006032723991665989	0.007132048995117657	0.0010993250034516677
numba_optimized_parallel_mwsd	300	35	0.0062771756638539955	0.000785714900654536	12.517013107964083	0.005249370995443314	0.007156776002375409	0.0019074050069320947
numba_optimized_parallel_mwsd	300	37	0.007604842336149886	0.0011782748120817066	15.493744117228252	0.006179336007335223	0.009064887999556959	0.0028855519922217354
numba_optimized_parallel_mwsd	300	39	0.007415474998803499	0.0006142652971057747	8.283559680329143	0.006941353000001982	0.008282923998194747	0.0013415709981927648
numba_optimized_parallel_mwsd	300	41	0.006792804997530766	0.0008499877815021235	12.513060242581677	0.005959999005426653	0.007959903989103623	0.00199990498367697
numba_optimized_parallel_mwsd	300	43	0.008309456330607645	0.00021083582167162184	2.5372998338653527	0.008042303001275286	0.008557704000850208	0.000515400999574922
numba_optimized_parallel_mwsd	300	45	0.008751518670275496	0.0006365939491462627	7.274096909699249	0.008092928997939453	0.009612389010726474	0.0015194600127870217
numba_optimized_parallel_mwsd	300	47	0.008539281664222168	0.0010468925288234139	12.259725934672915	0.007659367998712696	0.010010397993028164	0.0023510299943154678
numba_optimized_parallel_mwsd	300	49	0.009888279329364499	0.0011028563491312271	11.153167425763908	0.008328950993018225	0.010696395998820662	0.0023674450058024377
numba_optimized_parallel_mwsd	300	51	0.011148337662840882	0.0013675374641192986	12.266738822214817	0.009492085999227129	0.012841253002989106	0.003349167003761977
numba_optimized_parallel_mwsd	300	53	0.0111867213320996	0.0011930040154111607	10.664465306630191	0.009665909004979767	0.012579768997966312	0.002913859992986545
numba_optimized_parallel_mwsd	300	55	0.009336575002331907	0.0001403861585789592	1.5036151751996454	0.009138770998106338	0.009450228011701256	0.00031145701359491795
numba_optimized_parallel_mwsd	300	57	0.010738472997521361	0.0012504770630007243	11.644831283641143	0.009782317996723577	0.012504907994298264	0.002722589997574687
numba_optimized_parallel_mwsd	300	59	0.010577938999631442	0.0007763199808247697	7.339047624039224	0.009654406996560283	0.01155383100558538	0.001899424009025097
numba_optimized_parallel_mwsd	400	1	0.0036330373307767636	0.00023236679596209248	6.395937470656575	0.0033618939924053848	0.003929395999875851	0.0005675020074704662
numba_optimized_parallel_mwsd	400	3	0.0038461129976591715	0.0003456088783741132	8.985926273732943	0.003405606999876909	0.004249762001563795	0.000844155001686886
numba_optimized_parallel_mwsd	400	5	0.003190656997806703	0.00040480316644636577	12.687141448442512	0.002837183987139724	0.003757382000912912	0.000920198013773188
numba_optimized_parallel_mwsd	400	7	0.0037181663307516524	0.0004374783328946608	11.765969942668532	0.0031955279991962016	0.004266221993020736	0.0010706939938245341
numba_optimized_parallel_mwsd	400	9	0.004703136665436129	8.781409672471217e-05	1.8671389536703804	0.004638416998204775	0.0048272870044456795	0.00018887000624090433
numba_optimized_parallel_mwsd	400	11	0.004375387337252808	0.0005743162398223115	13.126066232639184	0.0036461690033320338	0.005049737010267563	0.0014035680069355294
numba_optimized_parallel_mwsd	400	13	0.005325970666793485	0.0006297545794467706	11.824221702405957	0.0044474720052676275	0.0058919729926856235	0.001444500987417996
numba_optimized_parallel_mwsd	400	15	0.005670930666383356	0.0012690995368710883	22.37903461585536	0.00445468099496793	0.0074220660026185215	0.0029673850076505914
numba_optimized_parallel_mwsd	400	17	0.010951042330513397	0.0023447889785264205	21.411559811005628	0.00900354899931699	0.014249118001316674	0.005245569001999684
numba_optimized_parallel_mwsd	400	19	0.006638405335252173	0.0007127231677815972	10.73636109559018	0.005671189006534405	0.007367636993876658	0.0016964479873422533
numba_optimized_parallel_mwsd	400	21	0.006521287670087379	0.00037994157014057257	5.826174052761602	0.006141271005617455	0.007040270007564686	0.0008989990019472316
numba_optimized_parallel_mwsd	400	23	0.007140555666410364	0.0010382878520448127	14.540715044474563	0.005845150997629389	0.008387013003812172	0.0025418620061827824
numba_optimized_parallel_mwsd	400	25	0.007125493333054085	0.00018175776025350967	2.5508094914686525	0.006874076003441587	0.007297524993191473	0.0004234489897498861
numba_optimized_parallel_mwsd	400	27	0.008316109335282817	0.001024417817236548	12.318474612764447	0.007586052000988275	0.009764839996933006	0.002178787995944731
numba_optimized_parallel_mwsd	400	29	0.00786215533541205	0.0004580734838872451	5.826309254207044	0.007263374005560763	0.008375655001145788	0.0011122809955850244
numba_optimized_parallel_mwsd	400	31	0.010129772669946155	0.0009724888372587826	9.600302681461379	0.00879391300259158	0.011080918004154228	0.0022870050015626475
numba_optimized_parallel_mwsd	400	33	0.009221590332648097	3.4068809352307294e-05	0.3694461380667732	0.009183148998999968	0.0092659649963025	8.28159973025322e-05
numba_optimized_parallel_mwsd	400	35	0.009915303332187856	0.0004048115101782463	4.082694160894852	0.009542503001284786	0.01047796600323636	0.0009354630019515753
numba_optimized_parallel_mwsd	400	37	0.010060612999950536	0.0004012695513716025	3.9885198980775365	0.009578359997249208	0.010560776005149819	0.0009824160079006106
numba_optimized_parallel_mwsd	400	39	0.01241297799667033	0.0015710887571298074	12.656823830278583	0.010979330996633507	0.014599825997720473	0.003620495001086965
numba_optimized_parallel_mwsd	400	41	0.012131895336400097	0.0010293775805926791	8.484886755527572	0.010791400010930374	0.013293804993736558	0.0025024049828061834
numba_optimized_parallel_mwsd	400	43	0.012852511664580865	0.0007321781646001786	5.69677105695944	0.011828945993329398	0.013499802007572725	0.001670856014243327
numba_optimized_parallel_mwsd	400	45	0.014579874667106196	0.001671057149760753	11.461395848147049	0.01228131000243593	0.016204655010369606	0.003923345007933676
numba_optimized_parallel_mwsd	400	47	0.01566904800226136	0.001478432875822772	9.43537141254149	0.014080571010708809	0.01764065699535422	0.0035600859846454114
numba_optimized_parallel_mwsd	400	49	0.018010857675108127	0.0004433566532589341	2.4616076660895185	0.01738385800854303	0.01832547401136253	0.0009416160028195009
numba_optimized_parallel_mwsd	400	51	0.017983581662216846	0.002627986626995535	14.613254891915572	0.015572436997899786	0.02163849199132528	0.006066054993425496
numba_optimized_parallel_mwsd	400	53	0.018832788337022066	0.001138612220153917	6.045903558081193	0.01737338400562294	0.020151778997387737	0.0027783949917647988
numba_optimized_parallel_mwsd	400	55	0.015486620337469503	0.0016371901818878992	10.571642787204883	0.014025915006641299	0.01777271799801383	0.003746802991372533
numba_optimized_parallel_mwsd	400	57	0.01615659866850668	0.000588930096352261	3.645136630770161	0.01551308500347659	0.016936258994974196	0.001423173991497606
numba_optimized_parallel_mwsd	400	59	0.021954364667180926	0.004492476532058661	20.462794529300865	0.018437377002555877	0.02829506499983836	0.009857687997282483
